
// 	if (!com->Write(&ary[0], ary.GetSize()))
// 		//if (!com->Write((void*)c_send, 502))
// 	{
// 		AfxMessageBox("写入失败");
// 		com->Close();
// 		return;
// 	}

	//unsigned char c_read[512] = "";
	//if (!com->Read(c_read, 512))
	//{
	//	AfxMessageBox("读取失败");
	//	com->Close();
	//	return;
	//}
	//com->Close();

	//if (!c_read)
	//{
	//	AfxMessageBox("超时");
	//	com->Close();
	//	return;
	//}

	//CString out;
	//GetData(c_read, out);
	////if (!CheckFlag(c_read))
	////{
	////	AfxMessageBox("报文格式错误");
	////	return;
	////}


	//CMainFrame *ma = ((CMainFrame*)(AfxGetApp()->m_pMainWnd));
	//ma->ShowQR(out.GetBuffer());
	
	
	
	
	
	
02 02 46 30 B4 47 32 30 30 30 30 30 30 30 30 30 31 35 30
20 20 20 20 20 20 20 20 20 20 
20 20 20 20 20 20 20 20 20 20 
20 20 20 20 20 20 20 20 20 20 
20 20 20 20 20 20 20 20 20 20 
20 20 20 20 20 20 20 20 20 20 
20 20 20 20 20 20 20 20 20 20 
20 20 20 20 20 20 20 20 20 20 
20 20 20 20 20 20 20 20 20 20 
20 20 20 20 20 20 20 20 20 20 
20 20 20 20 20 20 20 20 20 20 
20 20 20 20 20 20 20 20 20 20 
20 20 20 20 20 20 20 20 20 20 
20 20 20 20 20 20 20 20 20 20 
20 20 20 20 20 20 20 20 20 20 
20 20 20 20 20 20 20 20 20 20 
20 20 20 20 20 20 20 20 20 20 
20 20 20 20 20 20 20 20 20 20 
20 20 20 20 20 20 20 20 20 20 
20 20 20 20 20 20 20 20 20 20 
20 20 20 20 20 20 20 20 20 20 
20 20 20 20 20 20 20 20 20 20 
20 20 20 20 20 20 20 20 20 20 
20 20 20 20 20 20 20 20 20 20 
03 B2 

02 02 46 30 B4 47 32 30 30 30 30 30 30 30 30 30 31 35 30 
20 20 20 20 20 20 20 20 20 20
20 20 20 20 20 20 20 20 20 20
20 20 20 20 20 20 20 20 20 20
20 20 20 20 20 20 20 20 20 20
20 20 20 20 20 20 20 20 20 20
20 20 20 20 20 20 20 20 20 20
20 20 20 20 20 20 20 20 20 20
20 20 20 20 20 20 20 20 20 20
20 20 20 20 20 20 20 20 20 20
20 20 20 20 20 20 20 20 20 20
20 20 20 20 20 20 20 20 20 20
20 20 20 20 20 20 20 20 20 20 
20 20 20 20 20 20 20 20 20 20
20 20 20 20 20 20 20 20 20 20
20 20 20 20 20 20 20 20 20 20
20 20 20 20 20 20 20 20 20 20
20 20 20 20 20 20 20 20 20 20
20 20 20 20 20 20 20 20 20 20
20 20 20 20 20 20 20 20 20 20
20 20 20 20 20 20 20 20 20 20
20 20 20 20 20 20 20 20 20 20
20 20 20 20 20 20 20 20 20 20
20 20 20 20 20 20 20 20 20 20 
03 B2 



0x0019F27C  02 03 39 30 30 31 69 6e 76 61 6c 69 64 20 74 6f 74 61 6c 5f 66 65 00 00 00 00 00 00 00 00 00 00 00  ..9001invalid total_fe...........
0x0019F29D  00 00 00 00 00 00 00 00 00 00 00 00 00 30 31 35 31 30 30 34 38 39 32 36 36 36 36 36 36 36 35 39 31  .............01510048926666666591
0x0019F2BE  33 30 37 35 39 30 30 30 30 30 30 30 30 30 30 30 30 20 20 20 20 20 20 20 20 20 20 20 20 20 20 20 20  30759000000000000                
0x0019F2DF  20 20 20 20 20 20 20 20 20 20 20 20 20 20 20 20 20 20 20 20 20 20 20 20 20 20 20 20 20 20 20 20 20                                   
0x0019F300  20 20 20 20 20 20 20 20 20 20 20 20 20 20 20 20 20 20 20 20 20 20 20 20 20 20 20 20 20 20 20 20 20                                   
0x0019F321  20 20 20 20 20 20 20 20 20 20 20 20 20 20 20 20 20 20 20 20 20 20 20 20 20 20 20 20 20 20 20 20 20                                   
0x0019F342  20 20 20 20 20 20 20 20 20 20 20 20 20 20 20 20 20 20 20 20 20 20 20 20 20 20 20 20 20 20 20 20 20                                   
0x0019F363  20 20 20 20 20 20 20 20 20 20 20 20 20 20 20 20 20 20 20 20 10 fb 00 00 00 88 f3 19 00 10 b9 47 00                      .?...??...?G.
0x0019F384  fb 00 00 00 02 02 46 30 b4 47 32 20 20 20 20 20 20 20 20 20 20 20 20 20 20 20 20 20 20 20 20 20 20  ?.....F0?G2                      
0x0019F3A5  20 20 20 20 20 20 20 20 20 20 20 20 20 20 20 20 20 20 20 20 20 20 20 20 20 20 20 20 20 20 20 20 20                                   
0x0019F3C6  20 20 20 20 20 20 20 20 20 20 20 20 20 20 20 20 20 20 20 20 20 20 20 20 20 20 20 20 20 20 20 20 20                                   
0x0019F3E7  20 20 20 20 20 20 20 20 20 20 20 20 20 20 20 20 20 20 20 20 20 20 20 20 20 20 20 20 20 20 20 20 20                                   
0x0019F408  20 20 20 20 20 20 20 20 20 20 20 20 20 20 20 20 20 20 20 20 20 20 20 20 20 20 20 20 20 20 20 20 20                                   
0x0019F429  20 20 20 20 20 20 20 20 20 20 20 20 20 20 20 20 20 20 20 20 20 20 20 20 20 20 20 20 20 20 20 20 20                                   
0x0019F44A  20 20 20 20 20 20 20 20 20 20 20 20 20 20 20 20 20 20 20 20 20 20 20 20 20 20 20 20 20 20 20 20 20                                   
0x0019F46B  20 20 20 20 20 20 20 20 20 20 20 20 20 20 20 20 20 20 20 20 20 20 03 b6